Abkhasian:S_Abkhasian-1.DG,1.448,59.061,34.908,0.001,0.485,0.001,0.001,0.001,1.041,0.815,2.238
Abkhasian:S_Abkhasian-2.DG,2.441,60.225,32.747,0.001,0.001,0.001,0.001,0.001,3.869,0.001,0.712
Adygei:HGDP01382,1.367,60.859,32.058,0.001,0.001,0.001,0.001,0.001,1.615,1.074,3.022
Adygei:HGDP01383,1.467,59.647,32.026,0.229,0.001,0.001,0.001,0.001,2.652,1.673,2.302
Adygei:HGDP01385,1.268,59.205,29.885,0.492,0.001,1.656,0.001,0.001,2.541,2.015,2.934
Adygei:HGDP01386,1.922,58.165,32.123,0.001,0.001,0.001,0.001,0.001,2.826,1.329,3.63
Adygei:HGDP01387,1.123,59.256,32.517,0.001,0.001,0.001,0.001,0.001,1.892,2.339,2.867
Adygei:HGDP01396,0.956,60.174,26.999,0.001,0.001,0.698,0.001,0.001,3.597,3.459,4.111
Adygei:HGDP01397,1.235,56.109,31.624,0.001,0.001,0.001,0.001,0.001,3.719,4.969,2.339
Adygei:HGDP01398,2.055,60.036,32.21,0.166,0.001,0.001,0.001,0.001,3.779,0.001,1.749
Adygei:HGDP01399,1.911,59.994,31.925,0.001,0.001,0.001,0.001,0.001,3.25,0.001,2.914
Adygei:HGDP01400,1.744,59.109,31.256,0.001,0.001,0.001,0.001,0.001,3.716,1.283,2.887
Adygei:HGDP01401,1.507,58.104,31.999,0.881,0.001,0.001,0.001,0.001,4.414,0.001,3.089
Adygei:HGDP01402,0.311,59.521,31.785,0.936,0.217,0.001,0.001,0.001,3.128,0.996,3.104
Adygei:HGDP01403,1.928,61.476,29.222,0.001,0.001,0.001,0.001,0.001,2.938,0.736,3.695
Adygei:HGDP01404,2.02,54.689,30.258,0.336,0.001,0.699,0.001,0.001,5.702,2.168,4.125
Akha:AKHA1,1.044,0.001,0.001,15.3,24.247,23.953,24,2.634,3.634,3.527,1.66
Akha:AKHA12,0.377,0.001,0.001,13.759,25.198,24.467,21.443,5.884,6.136,0.9,1.834
Akha:AKHA14,0.477,0.023,0.001,13.405,30.563,21.585,18.616,5.838,6.064,1.769,1.66
Akha:AKHA17,0.704,0.001,0.684,13.887,21.956,23.027,22.728,2.627,8.842,5.543,0.001
Akha:AKHA18,0.522,0.001,0.629,15.359,21.383,23.873,29,0.001,5.802,2.531,0.899
Akha:AKHA20,0.426,0.001,1.697,15.079,25.335,24.783,24.475,0.448,6.136,1.619,0.001
Akha:AKHA21,0.001,0.001,0.41,13.917,26.462,23.705,23.704,4.002,2.238,3.634,1.924
Akha:AKHA23,0.001,0.001,0.001,14.936,21.184,25.153,23.454,4.86,6.841,1.271,2.298
Akha:AKHA27,0.442,0.001,0.354,15.193,21.56,24.272,20.601,3.951,11.599,2.006,0.021
Akha:AKHA29,0.368,0.001,0.984,11.732,26.715,27.154,20.683,4.945,2.597,4.821,0.001
Akha:AKHA30,1.177,0.001,0.41,15.321,26.169,24.072,20.83,0.19,10,0.514,1.314
Akha:AKHA31,0.519,0.001,0.439,15.302,23.643,22.094,24.396,4.979,5.156,2.284,1.186
Akha:AKHA33,0.417,0.001,0.001,14.864,23.688,27.518,21.782,2.261,7.088,2.38,0.001
Akha:AKHA34,0.799,0.001,0.822,10.454,25.408,24.053,23.25,4.683,6.507,3.998,0.025
Akha:AKHA37,0.001,0.001,0.819,16.495,23.332,23.907,21.607,5.562,7.433,0.655,0.187
Akha:AKHA39,0.001,0.001,2.062,15.464,23.506,24.166,24.315,1.987,7.338,0.696,0.464
Akha:AKHA40,0.327,0.001,0.001,16.117,24.167,24.734,24.944,4.223,5.044,0.27,0.172
Akha:AKHA41,0.001,0.001,1.662,11.454,26.156,25.515,22.905,0.001,8.284,4.02,0.001
Akha:AKHA44,0.73,0.001,0.001,17.347,23.02,23.832,24.222,2.073,7.073,0.001,1.7
Akha:AKHA46,0.922,0.001,0.001,16.416,22.302,22.295,24.281,4.194,5.961,3.625,0.001
Akha:AKHA47,0.635,0.001,0.001,16.101,20.644,26.906,22.559,3.31,7.201,0.351,2.29
Akha:AKHA5,0.355,0.001,0.727,13.453,23.907,23.109,25.511,0.001,7.788,3.435,1.712
Akha:AKHA52,0.317,2.198,0.001,11.58,29.988,24.33,22.648,0.756,3.688,4.492,0.001
Akha:AKHA53,0.001,0.001,0.061,13.094,26.101,27.039,19.539,5.467,6,2.696,0.001
Akha:AKHA54,0.562,0.243,0.001,13.717,22.801,24.469,22.072,7.725,5.282,2.204,0.924
Akha:AKHA56,0.001,0.001,0.436,12.482,28.085,23.534,27.538,0.001,5.231,1.288,1.403
Akha:AKHA57,0.001,0.191,0.001,15.465,23.238,24.704,27.607,0.001,4.37,4.42,0.001
Akha:AKHA58,0.181,1.027,0.001,16.55,23.424,22.83,25.009,2.076,5.26,3.642,0.001
Akha:AKHA59,0.466,0.001,0.146,15.127,22.793,25.851,23.018,4.059,3.867,3.223,1.448
Akha:AKHA60,0.171,0.001,0.585,17.224,22.266,23.715,24.632,3.159,6.782,1.465,0.001
Albanian:S_Albanian-1.DG,1.793,74.835,18.307,0.682,0.001,0.001,0.001,0.001,0.585,0.001,3.793
Aleut:Ale14,0.001,28.629,9.576,0.001,0.001,3.364,0.001,0.001,17.062,11.502,29.863
Aleut:S_Aleut-1.DG,0.001,22.432,6.398,0.619,0.001,3.412,2.579,3.318,13.995,16.969,30.275
Aleut:S_Aleut-2.DG,0.001,22.598,7.171,1.407,0.502,1.247,0.84,5.23,13.795,15.052,32.157
Altaian:ALT-741,0.376,14.237,7.342,0.001,0.001,5.579,9.63,10.174,24.868,22.035,5.758
Altaian:ALT-743,0.696,14.361,7.223,0.001,0.001,12.757,4.891,6.319,28.331,22.11,3.309
Altaian:ALT-744,1.004,17.484,7.13,0.001,0.001,6.584,7.958,7.95,23.86,21.665,6.363
Altaian:ALT-746,0.448,14.384,10.882,0.001,0.001,10.399,5.489,4.832,25.205,23.759,4.599
Altaian:ALT-753,0.287,13.939,8.565,0.001,0.833,10.599,6.458,3.879,26.894,21.41,7.135
Altaian:ALT-756,0.43,14.268,9.024,0.001,0.001,6.958,10.548,6.838,25.77,19.427,6.734
Altaian:ALT-760,0.001,9.767,10.251,0.001,0.001,7.968,6.556,11.314,27.092,21.339,5.71
Altaian:ALT-771,1.32,12.881,10.125,0.001,0.001,5.585,8.072,11.419,27.936,18.41,4.251
Altaian:ALT-774,0.093,13.121,9.553,0.001,0.001,8.003,8.783,4.903,29.529,21.614,4.399
Altaian:ALT-775,0.307,14.815,11.442,0.001,0.001,6.139,4.933,4.317,24.787,24.552,8.706
Altaian:ALT-776,0.605,14.711,11.425,0.001,0.001,5.722,5.918,6.889,24.726,23.305,6.697
Altaian:ALT-875,0.772,13.541,8.15,0.001,0.001,8.203,7.696,6.572,29.492,21.086,4.486
Altaian:ALT-876,0.1,15.207,11.497,0.001,0.001,7.712,5.979,7.289,29.057,20.538,2.619
Altaian:ALT-900,1.281,12.619,8.847,0.001,0.001,7.503,4.417,8.132,26.765,24.249,6.185
Altaian:ALT-916,0.044,17.092,9.661,0.001,0.291,9.95,8.677,5.687,22.513,19.16,6.924
Altaian:ALT-918,0.885,14.138,8.675,0.001,0.001,8.894,8.901,5.891,26.88,20.335,5.399
Altaian:ALT-935,0.26,13.204,11.148,0.001,0.001,8.066,4.373,5.948,29.861,22.339,4.798
Altaian:altai280p,0.56,14.564,9.095,0.001,0.001,9.95,6.251,5.004,27.873,22.465,4.236
Altaian:altai283p,0.113,15.468,9.726,0.001,1.767,7.488,8.619,3.872,26.665,21.487,4.795
Altaian:altai380k,0.715,13.184,10.976,0.001,0.001,7.606,6.04,7.434,25.828,23.078,5.136
Altaian:altai409k,0.387,13.96,8.936,1.917,0.001,5.716,7.922,2.494,28.707,24.643,5.317
Altaian:altai419A,0.001,15.108,11.349,0.116,0.001,5.116,6.94,10.253,26.327,19.283,5.505
Altaian:altai431k,0.565,16.188,8.188,0.001,0.001,3.806,7.253,8.253,26.596,21.215,7.934
Altaian:Altais2.SG,0.381,13.806,9.635,0.001,0.001,10.316,9.841,7.823,23.451,19.879,4.866
Altaian:GRC10047554,0.001,13.281,10.803,0.001,0.001,9.795,6.614,5.92,25.606,22.124,5.854
Altaian:GRC10047555,0.001,13.907,7.572,0.001,0.001,8.179,5.428,10.55,27.595,21.919,4.848
Altaian:GRC11049651,0.82,13.706,11.211,1.01,0.523,9.355,6.974,8.572,22.634,19.737,5.457
Altaian:GRC11049652,0.267,10.437,11.079,1.424,0.001,6.52,4.407,14.389,23.461,22.329,5.685
Altaian:GRC11049653,0.001,13.454,9.376,0.544,0.001,10.605,9.378,7.819,22.534,20.948,5.341
Altaian:GRC11049654,0.961,15.264,9.486,0.001,0.001,12.068,7.997,4.256,22.659,20.991,6.315
Altaian:GRC11049655,0.169,12.956,9.742,0.001,0.001,6.346,9.687,2.222,31.419,22.742,4.713
Altaian:GRC11049656,0.149,12.704,6.895,0.001,0.001,6.456,12.506,7.326,24.061,24.64,5.261
Altaian:GRC11049657,0.001,11.834,10.14,0.001,0.001,7.718,4.993,8.299,25.502,24.277,7.233
Altaian:GRC11049658,0.145,12.247,9.808,1.402,0.001,6.278,8.037,7.522,26.175,22.034,6.351
Altaian:GRC11049659,0.001,14.227,7.795,0.167,0.001,7.033,11.731,2.124,26.999,22.696,7.226
Altaian:GRC11049660,0.001,11.596,8.443,0.001,0.001,8.717,10.107,2.843,25.039,25.445,7.807
Altaian:GRC11049661,0.676,13.484,5.839,0.001,0.001,8.171,10.375,9.245,24.096,22.77,5.341
Altaian:GRC11051345,0.614,11.023,7.498,0.001,0.001,9.121,5.752,8.409,24.061,27.192,6.328
Altaian:GRC11051347,0.001,14.141,9.866,0.001,0.001,10.303,6.632,3.462,24.569,24.877,6.147
Altaian:GRC11051348,0.464,13.536,7.508,0.001,0.001,10.392,4.947,3.106,25.796,26.514,7.734
Altaian:GRC11051349,0.489,10.935,10.701,0.001,0.001,7.715,4.336,11.222,28.552,21.891,4.158
Altaian:GRC11051350,0.001,15.321,7.77,0.496,0.001,6.97,9.106,5.313,25.356,24.659,5.007
Altaian:S_Altaian-1.DG,0.643,12.091,8.232,0.001,0.001,8.056,7.181,9.573,28.937,20.342,4.943
Altaian_Chelkan:ALT-090,0.001,21.871,13.64,0.001,0.24,5.362,5.087,4.052,21.602,18.841,9.304
Altaian_Chelkan:ALT-093,0.001,22.801,16.069,0.001,0.001,8.322,0.511,5.515,22.184,17.37,7.225
Altaian_Chelkan:ALT-167,0.001,20.337,14.195,0.232,0.001,6.757,4.869,1.671,23.52,20.431,7.986
Altaian_Chelkan:ALT-168,0.456,20.438,13.602,0.001,0.001,3.938,8.393,1.392,23.8,18.322,9.657
Altaian_Chelkan:ALT-952,0.001,23.837,15.445,0.001,0.001,7.822,1.796,3.867,21.749,17.916,7.565
Altaian_Chelkan:ALT-966,0.001,23.264,15.734,0.101,0.001,7.465,0.131,3.695,24.341,18.207,7.061
Ami:NA13608,0.001,0.001,0.001,25.111,42.732,0.001,29.287,2.863,0.001,0.001,0.001
Ami:NA13609,0.001,0.001,0.001,28.654,41.908,0.001,29.43,0.001,0.001,0.001,0.001
Ami:NA13610,0.001,0.001,0.001,27.4,40.37,0.001,28.506,3.717,0.001,0.001,0.001
Ami:NA13611,0.001,0.001,0.001,22.101,44.53,0.001,29.591,3.772,0.001,0.001,0.001
Ami:NA13612,0.001,0.001,0.001,24.156,41.997,0.001,27.678,6.161,0.001,0.001,0.001
Ami:NA13613,0.001,0.001,0.001,25.198,46.068,0.001,28.726,0.001,0.001,0.001,0.001
Ami:NA13614,0.001,0.001,0.001,24.123,42.199,0.001,31.87,1.802,0.001,0.001,0.001
Ami:NA13615,0.001,0.001,0.001,22.397,48.034,0.001,25.819,3.743,0.001,0.001,0.001
Ami:S_Ami-1.DG,0.001,0.001,0.001,23.881,44.558,0.001,28.645,2.91,0.001,0.001,0.001
Ami:S_Ami-2.DG,0.001,0.001,0.001,25.445,43.513,0.001,28.913,2.123,0.001,0.001,0.001
Armenian:S_Armenian-1.DG,2.598,61.636,32.277,0.678,0.001,0.001,0.001,0.001,0.451,0.001,2.354
Armenian:S_Armenian-2.DG,2.478,62.032,32.552,0.021,0.001,0.001,0.001,0.001,0.142,0.001,2.768
Atayal:NA13597,0.001,0.001,0.001,25.694,40.869,0.001,31.11,2.321,0.001,0.001,0.001
Atayal:NA13598,0.001,0.001,0.001,25.073,41.32,0.001,32.56,1.04,0.001,0.001,0.001
Atayal:NA13599,0.001,0.001,0.001,24.324,42.196,0.001,31.962,1.511,0.001,0.001,0.001
Atayal:NA13601,0.001,0.001,0.001,22.606,45.391,0.001,28.731,3.265,0.001,0.001,0.001
Atayal:NA13602,0.001,0.001,0.001,24.431,42.424,0.001,30.427,2.711,0.001,0.001,0.001
Atayal:NA13603,0.001,0.001,0.001,21.177,44.421,0.001,33.439,0.956,0.001,0.001,0.001
Atayal:NA13605,0.001,0.001,0.001,23.397,40.598,0.001,31.582,4.416,0.001,0.001,0.001
Atayal:NA13606,0.001,0.001,0.001,24.005,44.055,0.001,27.733,4.2,0.001,0.001,0.001
Atayal:S_Atayal-1.DG,0.001,0.001,0.001,23.998,42.628,0.001,31.767,1.601,0.001,0.001,0.001
Australian:B_Australian-3.DG,10.961,1.735,28.109,40.642,0.001,4.278,0.001,5.663,3.188,3.71,1.713
Australian:B_Australian-4.DG,10.715,0.001,30.051,41.805,0.001,4.208,0.001,5.687,1.663,4.922,0.946
Australian:IHW9195,11.027,0.416,29.492,41.155,0.001,2.879,0.001,5.569,4.371,3.46,1.63
Avar:GRC10044946,1.28,57.91,33.223,0.001,0.115,0.001,0.001,0.001,0.672,2.126,4.67
Avar:GRC10044947,1.88,56.725,33.015,0.001,0.001,0.001,0.001,0.001,0.902,1.463,6.011
Avar:GRC10044954,1.543,54.745,35.021,0.001,0.001,0.001,0.001,0.001,4.141,0.001,4.544
Avar:GRC10044955,0.586,56.464,36.423,0.001,0.001,0.001,0.001,0.001,3.795,0.001,2.726
Avar:GRC10044956,2.16,57.838,32.745,0.001,0.001,0.001,0.001,0.001,2.823,0.001,4.428
Avar:GRC10044957,1.383,57.355,32.554,0.001,0.001,0.001,0.001,0.001,0.265,2.484,5.952
Avar:GRC10044958,1.315,56.116,35.719,0.001,0.001,0.001,0.001,0.001,0.064,0.001,6.78
Avar:GRC10044959,1.215,56.381,32.977,0.001,0.001,0.684,0.001,0.001,2.227,0.971,5.542
Avar:GRC10044960,0.407,57.178,34.047,0.001,0.001,0.001,0.001,0.001,3.477,0.347,4.538
Avar:GRC10044961,1.327,56.988,35.881,0.001,0.001,0.001,0.001,0.001,1.661,0.001,4.137
Avar:GRC10044962,0.869,56.289,34.407,0.001,0.001,0.001,0.001,0.001,2.736,0.001,5.694
Avar:GRC10044963,1.461,56.443,36.412,0.001,0.001,0.001,0.001,0.001,1.403,0.001,4.275
Avar:GRC10044964,1.766,55.779,36.109,0.001,0.001,0.001,0.001,0.001,0.766,0.001,5.574
Avar:GRC10044965,1.171,57.016,34.19,0.001,0.096,0.001,0.001,0.001,2.064,0.001,5.458
Avar:GRC10044966,0.17,57.492,33.447,0.001,0.001,0.001,0.001,0.001,2.14,0.316,6.43
Avar:GRC10047499,1.194,55.307,33.255,0.001,0.001,0.001,0.001,0.001,1.825,2.427,5.988
Avar:GRC10047500,2.112,60.033,33.221,0.001,0.001,0.001,0.712,0.001,0.001,0.001,3.916
Avar:GRC10047502,1.242,55.943,35.17,0.001,0.001,0.001,0.001,0.001,2.028,0.406,5.207
Avar:GRC10047515,2.026,56.362,32.916,0.851,0.001,0.001,0.001,0.001,2.455,1.547,3.839
Avar:GRC10047516,0.807,55.865,35.213,1.065,0.001,0.001,0.001,0.001,1.686,0.001,5.36
Avar:GRC10047517,1.203,56.333,34.376,0.001,0.001,0.001,0.001,0.001,2.171,0.852,5.06
Avar:GRC10047518,0.908,56.396,35.329,0.001,0.001,0.001,0.001,0.001,2.662,0.077,4.623
Avar:GRC10047519,0.337,56.357,35.72,0.001,0.001,0.001,0.001,0.001,1.602,1.511,4.468
Avar:GRC10047520,0.985,55.699,38.154,0.001,0.001,0.001,0.001,0.001,1.26,1.231,2.666
Avar:GRC10047521,1.66,57.394,33.868,0.001,0.001,0.001,0.001,0.001,1.147,2.688,3.238
Avar:GRC10047522,0.49,56.413,34.868,0.001,0.001,0.001,0.001,0.001,0.88,1.55,5.793
Avar:GRC10047523,1.19,57.36,35.308,0.001,0.001,0.001,0.001,0.001,1.009,0.001,5.126
Avar:GRC10047524,1.344,55.734,36.594,0.001,0.001,0.001,0.001,0.001,3.237,0.001,3.086
Avar:GRC10047525,1.106,56.101,37.175,0.001,0.001,0.001,0.001,0.001,0.001,1.348,4.263
Avar:GRC10047526,0.375,54.275,34.237,0.001,0.001,0.001,0.001,0.001,2.152,2.487,6.469
Avar:GRC10047527,1.677,56.936,33.719,0.001,0.001,0.001,0.001,0.001,2.147,0.001,5.515
Avar:GRC10047528,0.34,59.145,33.583,0.001,0.001,0.298,0.001,0.001,1.237,0.608,4.786
Bahun:Ba15,1.168,16.195,47.212,8.275,0.001,7.613,5.03,4.237,4.53,2.88,2.86
Bahun:Ba25,2.237,13.717,44.124,9.943,0.001,11.719,5.927,3.546,5.789,1.443,1.554
Bahun:Ba37,2.232,13.256,44.646,7.183,0.001,13.06,7.263,3.25,6.822,1.658,0.631
Bahun:Ba48,1.797,23.603,51.495,8.761,0.001,7.132,1.33,0.439,2.86,0.001,2.579
Bai_Yunnan:11621808190049,0.567,0.001,1.356,5.505,15.609,29.62,34.446,2.41,8.925,1.473,0.088
Bai_Yunnan:12111808160083,0.221,0.964,0.683,4.988,8.67,29.545,35.235,5.685,12.809,1.199,0.001
Bai_Yunnan:23811709228995,0.001,0.001,0.629,3.927,15.508,26.952,37.502,3.688,7.893,3.173,0.726
Bai_Yunnan:24761808198132,0.725,0.001,1.741,3.73,14.622,25.28,35.562,7.351,9.042,1.944,0.001
Bai_Yunnan:45871808198054,0.619,0.625,0.878,3.823,12.024,26.209,41.32,2.749,9.668,2.085,0.001
Bai_Yunnan:47161808197987,0.004,0.756,0.136,2.327,15.867,28.119,37.256,2.471,11.28,1.782,0.001
Bai_Yunnan:48121808165387,0.001,0.546,1.01,2.273,15.243,24.764,37.124,5.001,9.623,3.975,0.44
Bai_Yunnan:57821808196514,0.682,0.001,1.16,3.768,18.183,20.931,39.532,5.994,7.086,2.661,0.001
Bai_Yunnan:61451808160032,0.413,1.003,0.438,2.423,8.528,30.012,36.605,5.773,10.499,3.469,0.837
Bai_Yunnan:63191808160145,0.195,0.001,1.819,3.424,13.074,27.883,37.502,3.713,9.232,3.157,0.001
Bai_Yunnan:63301808190197,0.158,0.001,2.362,5.071,9.291,26.912,35.752,8.47,6.797,5.184,0.001
Bai_Yunnan:65281808198052,0.418,0.001,0.109,4.176,16.816,24.249,37.381,3.822,10.061,2.965,0.001
Bai_Yunnan:67661808190064,0.386,0.001,1.294,5.405,14.353,26.249,36.179,2.461,11.206,2.465,0.001
Bai_Yunnan:69391808190054,0.42,0.908,0.905,3.599,13.831,27.126,40.475,2.874,8.317,1.256,0.29
Bai_Yunnan:96871808160336,0.013,0.848,1.168,3.969,12.006,29.807,35.971,3.076,10.01,2.577,0.555
Balochi:HGDP00052,2.862,33.357,55.882,2.99,0.001,0.001,0.001,0.001,2.351,0.678,1.876
Balochi:HGDP00054,1.928,36.236,54.895,2.786,0.001,0.001,0.001,0.001,0.396,1.508,2.246
Balochi:HGDP00056,2.423,25.922,58.637,6.297,0.001,0.001,0.691,0.7,3.38,0.001,1.948
Balochi:HGDP00058,2.375,29.513,57.215,4.434,0.001,0.474,0.001,0.001,2.221,0.72,3.045
Balochi:HGDP00062,4.33,34.516,54.698,2.067,0.001,0.001,0.001,0.001,1.85,1.232,1.304
Balochi:HGDP00064,3.177,35.284,54.102,2.425,0.001,0.001,0.001,0.001,1.647,0.546,2.815
Balochi:HGDP00066,2.48,33.053,56.373,2.693,0.001,0.001,0.001,0.001,2.812,0.001,2.584
Balochi:HGDP00068,2.131,32.234,51.393,4.065,0.001,1.376,0.001,0.123,2.908,3.181,2.589
Balochi:HGDP00072,3.139,32.506,56.273,2.593,0.001,0.001,0.001,0.001,2.613,0.001,2.87
Balochi:HGDP00074,2.744,33.057,57.332,2.062,0.597,0.229,0.001,0.001,2.329,1.457,0.19
Balochi:HGDP00078,6.65,35.13,50.789,2.694,0.001,0.001,0.001,0.001,1.805,0.24,2.688
Balochi:HGDP00080,4.01,32.874,55.718,2.422,0.001,0.001,0.001,0.001,1.218,1.362,2.393
Balochi:HGDP00082,1.82,33.847,54.477,2.789,0.001,0.001,0.001,0.001,2.023,2.186,2.854
Balochi:HGDP00086,2.331,33.546,56.809,2.931,0.001,0.001,0.001,0.001,2.192,0.001,2.186
Balochi:HGDP00088,2.813,34.891,53.518,4.911,0.001,0.001,0.001,0.001,0.088,0.499,3.275
Balochi:HGDP00090,4.301,27.932,57.838,6.108,0.001,0.001,0.001,0.326,0.527,1.163,1.802
Balochi:HGDP00092,2.884,28.328,59.439,4.995,0.001,1.011,0.001,0.001,1.464,0.001,1.876
Balochi:HGDP00094,3.124,31.301,55.338,4.651,0.001,0.315,0.001,0.001,3.212,0.001,2.055
Balochi:HGDP00096,4.093,30.643,56.419,5.085,0.001,0.001,0.001,0.001,1.648,1.274,0.835
Balochi:HGDP00098,5.396,30.019,54.882,4.003,0.001,1.74,0.001,0.787,0.665,0.578,1.928
Bantu_Kenya:HGDP01405,92.613,2.773,1.877,1.111,0.001,0.335,0.001,0.198,0.001,0.061,1.029
Bantu_Kenya:HGDP01406,90.915,4.651,1.864,0.848,0.001,0.001,0.001,0.454,0.143,0.211,0.91
Bantu_Kenya:HGDP01408,90.809,3.524,1.59,1.749,0.001,0.783,0.001,0.415,0.001,0.001,1.125
Bantu_Kenya:HGDP01412,91.49,2.411,2.726,1.097,0.001,0.001,0.153,1.099,0.001,0.001,1.021
Bantu_Kenya:HGDP01414,91.983,3.189,1.425,0.91,0.398,1.035,0.001,0.157,0.062,0.409,0.431
Bantu_Kenya:HGDP01417,91.364,3.338,2.487,1.619,0.001,0.789,0.001,0.001,0.001,0.112,0.287
Bantu_Kenya:HGDP01418,91.346,3.837,2.274,0.002,0.001,0.56,1.327,0.001,0.001,0.372,0.279
Bantu_Kenya:HGDP01419,91.523,2.59,2.823,0.835,0.001,0.001,0.127,0.788,0.001,0.467,0.844
Bantu_SA:HGDP00993,93.434,1.534,1.337,1.048,0.001,0.982,0.001,0.001,0.05,0.139,1.474
Bantu_SA:HGDP00994,93.883,2.203,0.527,0.952,0.066,0.001,0.001,0.857,0.001,0.001,1.509
Bantu_SA:HGDP01028,93.241,1.471,1.802,0.994,0.115,0.711,0.001,0.479,0.001,0.167,1.018
Bantu_SA:HGDP01030,93.993,1.148,1.626,0.457,0.001,0.001,0.001,0.167,0.534,1.264,0.809
Bantu_SA:HGDP01031,94.406,1.891,1.491,0.001,0.537,0.719,0.001,0.001,0.001,0.001,0.951
Bantu_SA:HGDP01033,93.388,3.236,0.703,0.362,0.001,0.001,0.983,0.001,0.001,0.789,0.535
Bantu_SA:HGDP01034,92.878,3.558,0.576,0.799,0.001,0.234,0.139,0.199,0.428,0.322,0.865
Bantu_SA:HGDP01035,93.619,2.742,0.001,1.597,0.001,0.752,0.001,0.001,0.001,0.001,1.285
Baoan:BAO03,0.001,2.734,2.687,1.121,3.722,21.28,41.151,9.979,13.162,2.771,1.394
Baoan:BAO11,0.001,1.109,5.057,0.001,7.633,22.534,40.143,6.625,10.707,4.554,1.637
Baoan:BAO12,0.001,2.475,0.882,1.393,4.392,20.532,36.7,10.533,16.228,5.083,1.781
Baoan:BAO15,0.718,5.574,7.062,2.316,9.617,22.914,26.149,7.461,11.472,4.901,1.813
Baoan:BAO22,1.067,2.134,4.914,1.266,8.38,22.341,36.694,4.745,15.79,2.668,0.001
Baoan:BAO26,0.001,7.028,6.806,0.629,7.606,16.185,38.861,3.181,14.182,3.25,2.272
Baoan:BAO47,0.529,7.639,3.76,0.001,6.283,20.207,37.884,5.813,11.563,3.779,2.544
Baoan:BAO53,0.001,3.988,7.837,2.469,5.031,20.777,35.536,6.969,13.847,3.317,0.228
Baoan:BAO54,0.605,3.93,5.816,0.439,5.194,19.562,36.312,10.249,13.478,4.414,0.001
Baoan:BAO60,0.537,0.68,5.959,1.85,0.34,30.277,36.201,4.246,14.814,4.684,0.414
Basque:HGDP01357,0.001,99.989,0.001,0.001,0.001,0.001,0.001,0.001,0.001,0.002,0.001
Basque:HGDP01358,0.001,99.99,0.001,0.001,0.001,0.001,0.001,0.001,0.001,0.001,0.001
Basque:HGDP01359,0.001,99.99,0.001,0.001,0.001,0.001,0.001,0.001,0.001,0.001,0.001
Basque:HGDP01361,0.001,99.99,0.001,0.001,0.001,0.001,0.001,0.001,0.001,0.001,0.001
Basque:HGDP01362,0.001,99.99,0.001,0.001,0.001,0.001,0.001,0.001,0.001,0.001,0.001
Basque:HGDP01363,0.001,99.988,0.001,0.001,0.003,0.001,0.001,0.001,0.001,0.001,0.001
Basque:HGDP01364,0.001,99.989,0.001,0.002,0.001,0.001,0.001,0.001,0.001,0.001,0.001
Basque:HGDP01365,0.001,99.989,0.001,0.001,0.001,0.002,0.001,0.001,0.001,0.001,0.001
Basque:HGDP01366,0.001,99.987,0.001,0.001,0.001,0.001,0.002,0.001,0.003,0.001,0.001
Basque:HGDP01367,0.001,99.99,0.001,0.001,0.001,0.001,0.001,0.001,0.001,0.001,0.001
Basque:HGDP01368,0.001,99.99,0.001,0.001,0.001,0.001,0.001,0.001,0.001,0.001,0.001
Basque:HGDP01369,0.001,99.986,0.001,0.002,0.001,0.001,0.001,0.001,0.004,0.001,0.001
Basque:HGDP01370,0.001,99.988,0.001,0.001,0.001,0.001,0.001,0.003,0.001,0.001,0.001
Basque:HGDP01372,0.001,99.99,0.001,0.001,0.001,0.001,0.001,0.001,0.001,0.001,0.001
Basque:HGDP01373,0.001,99.99,0.001,0.001,0.001,0.001,0.001,0.001,0.001,0.001,0.001
Basque:HGDP01374,0.001,99.99,0.001,0.001,0.001,0.001,0.001,0.001,0.001,0.001,0.001
Basque:HGDP01375,0.001,99.989,0.001,0.001,0.001,0.002,0.001,0.001,0.001,0.001,0.001
Basque:HGDP01376,0.001,99.99,0.001,0.001,0.001,0.001,0.001,0.001,0.001,0.001,0.001
Basque:HGDP01377,0.001,99.99,0.001,0.001,0.001,0.001,0.001,0.001,0.001,0.001,0.001
Basque:HGDP01378,0.001,99.99,0.001,0.001,0.001,0.001,0.001,0.001,0.001,0.001,0.001
Basque:HGDP01379,0.001,99.988,0.001,0.001,0.003,0.001,0.001,0.001,0.001,0.001,0.001
Basque:HGDP01380,0.001,99.99,0.001,0.001,0.001,0.001,0.001,0.001,0.001,0.001,0.001
Bedouin:HGDP00607,12.746,61.607,22.865,1.654,0.001,0.001,0.19,0.001,0.001,0.001,0.933
Bedouin:HGDP00608,11.644,64.749,20.634,0.001,0.001,0.001,0.795,0.001,0.902,0.001,1.27
Bedouin:HGDP00609,14.223,59.99,21.978,0.001,0.001,0.001,0.001,0.001,2.028,0.001,1.776
Bedouin:HGDP00610,10.787,64.785,21.723,1.347,0.001,0.707,0.001,0.001,0.001,0.001,0.646
Bedouin:HGDP00611,19.135,56.516,20.282,0.001,0.001,0.352,0.001,0.001,0.735,0.39,2.585
Bedouin:HGDP00612,10.353,62.504,24.529,0.697,0.316,0.001,0.001,0.001,0.53,0.001,1.067
Bedouin:HGDP00613,11.045,58.259,26.684,1.266,0.001,0.001,0.11,0.001,0.001,0.001,2.631
Bedouin:HGDP00614,12.454,58.956,25.304,0.001,0.78,0.471,0.001,0.001,0.555,0.001,1.475
Bedouin:HGDP00615,11.035,59.332,24.4,0.001,0.001,0.001,0.001,0.001,2.153,0.001,3.074
Bedouin:HGDP00616,10.157,65.525,20.758,2.531,0.001,0.001,0.001,0.001,0.001,0.001,1.022
Bedouin:HGDP00618,10.208,64.437,22.098,0.001,0.001,0.255,0.001,0.001,0.001,0.001,2.996
Bedouin:HGDP00619,12.308,62.34,23.366,0.001,0.001,0.001,0.001,0.43,0.001,0.001,1.55
Bedouin:HGDP00620,16.174,58.079,22.241,0.001,0.001,1.195,0.001,0.001,0.507,0.001,1.8
Bedouin:HGDP00622,13.203,61.473,22.512,0.001,0.579,0.226,0.001,0.001,0.297,0.415,1.294
Bedouin:HGDP00623,11.611,63.792,22.073,0.803,0.629,0.001,0.001,0.001,0.001,0.001,1.087
Bedouin:HGDP00624,12.97,62.094,22.757,0.001,0.001,0.407,0.001,0.001,0.001,0.001,1.766
Bedouin:HGDP00625,11.096,59.473,25.596,0.001,0.001,0.001,0.18,0.001,1.949,0.001,1.7
Bedouin:HGDP00626,11.65,59.011,25.002,0.372,0.001,0.099,0.001,0.001,0.651,0.001,3.211
Bedouin:HGDP00628,11.904,59.368,25.341,0.001,0.179,0.001,0.001,0.001,1.59,0.001,1.613
Bedouin:HGDP00629,12.958,60.023,23.525,1.239,0.001,0.001,0.001,0.001,0.937,0.001,1.313
Bedouin:HGDP00630,10.944,64.256,20.837,0.001,0.001,1.365,0.001,0.35,0.001,0.001,2.243
Bedouin:HGDP00631,10.721,64.31,22.693,0.093,0.001,0.238,1.028,0.001,0.001,0.001,0.913
Bedouin:HGDP00632,18.251,57.321,21.436,0.001,0.001,0.001,0.178,0.001,0.001,0.001,2.808
Bedouin:HGDP00634,16.101,58.535,22.452,0.001,0.001,0.716,0.001,0.541,0.001,0.001,1.649
Bedouin:HGDP00635,14.834,58.09,23.129,0.001,0.001,0.401,0.001,0.001,0.001,0.553,2.988
Bedouin:HGDP00636,11.223,62.333,23.566,0.844,0.001,0.233,0.001,0.001,0.001,0.001,1.795
Bedouin:HGDP00637,12.655,59.457,23.92,1.896,0.001,0.001,0.001,0.001,0.122,0.001,1.945
Bedouin:HGDP00638,16.697,60.534,19.76,0.804,0.001,0.001,0.001,0.001,0.001,0.111,2.089
Bedouin:HGDP00639,12.149,63.417,20.245,0.001,1.046,0.001,0.426,0.001,0.133,0.001,2.58
Bedouin:HGDP00640,17.677,57.836,20.348,0.001,0.96,0.001,0.43,0.001,0.36,0.001,2.384
Bedouin:HGDP00641,11.29,63.399,23.702,0.001,0.667,0.001,0.001,0.001,0.001,0.001,0.935
Bedouin:HGDP00642,11.781,60.085,25.206,0.001,0.001,0.001,0.28,0.001,0.987,0.001,1.656
Bedouin:HGDP00643,9.727,64.481,22.507,0.001,0.179,0.595,0.001,0.001,0.001,0.001,2.506
Bedouin:HGDP00644,11.035,62.035,23.299,0.001,1.619,0.001,0.001,0.001,0.001,0.001,2.006
Bedouin:HGDP00645,14.585,57.754,24.265,0.001,0.001,0.53,0.001,0.52,0.001,0.001,2.342
Bedouin:HGDP00646,20.927,57.624,19.878,0.001,0.001,0.001,0.001,0.954,0.001,0.001,0.611
Bedouin:HGDP00647,12.368,59.473,24.395,0.001,0.001,0.728,0.001,0.001,1.501,0.001,1.529
Bedouin:HGDP00648,10.946,63.442,21.509,0.499,1.597,0.001,0.001,0.001,0.001,0.001,2.002
Bedouin:HGDP00649,9.549,64.234,23.284,0.001,1.229,0.001,0.001,0.001,0.001,0.001,1.698
Bedouin:HGDP00650,10.354,64.934,21.036,0.673,1.061,0.001,0.001,0.001,0.655,0.001,1.283
Bedouin:HGDP00651,11.637,64.095,21.576,0.001,0.001,0.001,1.059,0.001,0.001,0.001,1.627
Bedouin:HGDP00653,10.765,61.97,24.025,0.001,0.001,0.222,0.405,0.001,0.001,0.001,2.608
Bedouin:HGDP00654,8.906,58.382,27.67,0.001,0.001,0.001,0.001,0.001,1.608,0.004,3.426
Bedouin:HGDP00701,10.041,64.206,23.06,1.404,0.001,0.421,0.001,0.001,0.001,0.001,0.863
Bengali:mondal_PRBB-1.SG,2.436,7.604,57.113,19.955,0.001,5.462,0.001,0.001,3.836,2.434,1.156
Bengali:S_Bengali-1.DG,2.436,7.604,57.113,19.955,0.001,5.462,0.001,0.001,3.836,2.434,1.156
Bengali:S_Bengali-2.DG,2.289,6.363,58.119,18.041,0.001,5.439,0.001,2.102,3.392,3.013,1.24
Bergamo:HGDP01149,1.718,79.931,12.173,0.001,0.001,0.001,0.001,0.001,1.462,0.001,4.709
Bergamo:HGDP01151,1.339,80.136,12.929,0.001,0.001,0.001,0.001,0.001,1.399,0.001,4.191
Bergamo:HGDP01152,1.93,77.722,15.831,0.001,0.001,0.001,0.001,0.001,0.001,0.001,4.511
Bergamo:HGDP01153,1.759,78.26,14.609,0.001,0.001,0.001,0.001,0.001,1.254,0.001,4.113
Bergamo:HGDP01155,2.359,78.314,13.586,0.001,0.683,0.053,0.034,0.001,0.001,0.001,4.966
Bergamo:HGDP01156,1.681,78.723,14.662,0.001,0.583,0.001,0.001,0.001,0.286,0.024,4.036
Bergamo:HGDP01157,1.766,79.741,13.229,0.04,0.001,0.001,0.001,0.001,0.282,0.994,3.943
Bergamo:HGDP01171,1.245,78.071,14.5,0.033,0.001,0.001,0.001,0.001,0.001,0.485,5.66
Bergamo:HGDP01172,1.545,77.489,16.023,0.001,0.001,0.001,0.309,0.001,0.569,0.001,4.059
Bergamo:HGDP01173,1.361,80.521,12.677,0.295,0.865,0.001,0.001,0.001,0.001,0.021,4.255
Bergamo:HGDP01174,2.177,78.722,15.016,0.001,0.001,0.001,0.001,0.001,0.187,0.001,3.893
Bergamo:HGDP01177,1.256,80.914,12.253,0.001,0.652,0.001,0.937,0.001,0.001,0.001,3.983
Biaka:HGDP00452,92.72,1.983,2.227,1.417,0.418,0.001,0.001,0.001,0.001,0.238,0.993
Biaka:HGDP00453,93.204,2.391,0.649,1.307,0.195,0.948,0.229,0.001,0.001,0.001,1.073
Biaka:HGDP00454,92.94,2.876,1.096,0.998,0.001,0.219,0.001,0.002,0.001,0.001,1.864
Biaka:HGDP00455,92.472,2.503,1.256,0.517,0.16,1.5,0.001,0.001,0.001,0.095,1.495
Biaka:HGDP00457,93.078,2.176,1.061,1.608,0.171,0.569,0.001,0.019,0.001,0.001,1.314
Biaka:HGDP00458,93.145,1.847,1.741,1.857,0.001,0.612,0.001,0.001,0.001,0.335,0.459
Biaka:HGDP00459,92.831,2.366,1.485,0.782,0.688,0.001,0.001,0.363,0.001,0.644,0.838
Biaka:HGDP00460,92.633,2.14,1.366,1.675,0.432,0.696,0.001,0.001,0.001,0.356,0.699
Biaka:HGDP00461,93.52,1.625,1.637,1.334,0.001,0.001,0.001,0.496,0.001,0.097,1.287
Biaka:HGDP00464,93.014,1.828,1.864,0.732,0.486,0.144,0.001,0.695,0.001,0.237,0.999
Biaka:HGDP00466,93.205,1.908,1.065,1.17,0.001,0.001,0.589,0.001,0.001,0.784,1.274
Biaka:HGDP00469,92.633,2.565,1.948,0.673,0.001,0.001,0.816,0.001,0.001,0.101,1.26
Biaka:HGDP00470,93.725,1.083,1.552,1.984,0.001,0.001,0.001,0.001,0.001,0.461,1.191
Biaka:HGDP00472,92.851,2.059,1.883,1.508,0.001,0.063,0.001,0.439,0.001,0.001,1.194
Biaka:HGDP00473,93.232,2.245,1.059,1.639,0.001,0.233,0.001,0.001,0.001,0.964,0.624
Biaka:HGDP00475,93.2,1.536,1.423,1.267,0.001,0.001,0.001,0.001,0.001,0.73,1.839
Biaka:HGDP00479,92.816,1.953,1.752,0.676,0.001,0.469,0.13,0.414,0.001,0.763,1.027
Biaka:HGDP00985,93.477,1.975,1.497,1.013,0.001,0.001,0.381,0.001,0.001,0.658,0.995
Biaka:HGDP00986,93.074,1.322,2.471,1.871,0.001,0.314,0.001,0.001,0.001,0.001,0.942
Biaka:HGDP01086,92.579,2.759,2.308,0.875,0.001,1.083,0.001,0.001,0.001,0.392,0.001
Biaka:HGDP01090,92.714,1.882,1.465,1.038,0.001,0.709,0.458,0.001,0.001,0.739,0.992
Biaka:HGDP01094,92.7,3.119,0.864,1.361,0.001,0.001,0.001,0.001,0.001,0.784,1.167
Birhor:mondal_BIR-08.SG,3.421,0.001,42.217,35.402,4.13,6.516,0.001,3.776,2.585,1.148,0.803
Birhor:mondal_BIR-11.SG,3,0.001,42.223,32.609,9.677,5.246,0.001,2.499,3.333,1.41,0.001
Birhor:mondal_BIR-12.SG,4.139,0.001,41.587,31.399,8.441,6.744,0.001,5.847,1.83,0.001,0.01
Birhor:mondal_BIR-13.SG,3.132,0.001,41.597,33.865,5.198,5.461,0.001,6.923,1.521,1.782,0.519
Birhor:mondal_BIR-14.SG,3.372,0.001,42.296,31.282,8.85,8.109,0.001,3.206,1.969,0.913,0.001
Birhor:mondal_BIR-16.SG,3.666,0.001,40.891,36.92,2.256,6.857,0.001,4.001,2.819,1.911,0.676
Birhor:mondal_BIR-18.SG,4.127,0.001,41.476,32.567,10.172,4.71,0.001,3.562,2.035,1.348,0.001
Birhor:mondal_BIR-22.SG,3.39,0.001,43.795,34.159,4.258,5.162,0.001,6.561,1.141,1.532,0.001
Blang_Yunnan:19791709241491,0.062,0.001,1.527,30.475,33.571,19.242,7.462,2.549,2.384,1.599,1.128
Blang_Yunnan:21051709229263,0.575,0.001,1.039,30.783,35.54,19.936,5.291,0.001,3.2,3.633,0.001
Blang_Yunnan:28121709241779,0.626,0.02,0.001,33.342,32.767,19.677,6.102,1.425,2.873,2.89,0.277
Blang_Yunnan:28351709241811,0.289,0.001,0.582,28.922,36.679,17.529,7.101,3.804,3.867,1.224,0.001
Blang_Yunnan:29101709241884,0.681,0.001,1.592,32.079,33.257,16.834,8.643,1.619,4.568,0.724,0.001
Blang_Yunnan:30091709241871,0.09,0.484,0.001,30.961,35.43,17.108,5.442,3.259,4.457,2.768,0.001
Blang_Yunnan:30401709222976,0.614,0.033,0.001,23.947,36.665,16.05,16.897,0.651,3.452,1.689,0.001
Blang_Yunnan:31491709240524,0.204,0.427,1.086,29.01,33.689,18.643,10.513,1.819,1.602,2.514,0.491
Blang_Yunnan:33841709222247,0.97,0.001,0.001,33.292,32.965,14.746,9.232,3.184,3.703,1.577,0.328
Blang_Yunnan:48961709240139,0.467,0.001,0.583,30.752,39.524,17.622,6.262,0.156,2.334,1.625,0.676
Blang_Yunnan:50391709241701,1.357,0.904,0.001,35.75,32.685,19.017,4.679,0.001,3.154,2.452,0.001
Blang_Yunnan:57441709229267,0.416,0.001,0.419,32.483,34.616,19.073,8.188,0.001,1.852,1.269,1.682
Blang_Yunnan:60791709241848,0.571,0.001,1.106,22.432,30.696,21.021,12.759,6.914,0.849,3.65,0.001
Blang_Yunnan:61421709240105,0.103,0.001,1.656,29.205,34.194,19.858,8.491,0.001,3.325,3.166,0.001
Blang_Yunnan:64051709224252,1.484,0.152,0.001,33.906,32.959,14.993,10.459,1.033,1.79,3.221,0.001
Bougainville:HGDP00491,8.773,0.12,22.765,48.221,0.001,4.64,0.001,9.705,2.203,1.786,1.786
Bougainville:HGDP00655,8.547,1.09,22.564,49.08,0.001,4.547,0.001,6.931,4.194,2.73,0.316
Bougainville:HGDP00656,8.483,0.974,22.173,49.739,0.001,3.044,0.878,8.014,2.33,3.972,0.392
Bougainville:HGDP00660,8.81,0.001,23.432,49.661,0.001,3.575,0.517,7.801,3.238,2.962,0.001
Bougainville:HGDP00662,8.753,0.001,21.554,50.278,0.001,4.529,2.206,4.237,2.958,4.41,1.073
Bougainville:HGDP00663,8.612,0.001,23.334,49.224,0.001,4.142,0.001,9.175,1.986,2.189,1.335
Bougainville:HGDP00664,7.712,0.336,23.286,50.803,0.001,4.247,0.001,6.773,1.445,4.878,0.517
Bougainville:HGDP00787,8.889,0.513,22.975,50.202,0.001,2.998,0.001,7.851,1.984,4.282,0.304
Bougainville:HGDP00788,8.686,0.74,23.272,50.215,0.001,4.695,0.001,5.915,2.102,3.152,1.22
Bougainville:HGDP01027,8.591,0.037,23.158,49.101,0.001,4.751,0.001,7.829,0.802,4.57,1.16
Brahmin:mondal_BR1-1.SG,0.614,18.62,54.829,7.529,0.001,8.063,0.509,0.001,5.153,1.901,2.779
Brahmin:mondal_BR1-12.SG,0.926,21.687,53.972,10.029,0.001,5.717,0.559,0.001,3.872,0.332,2.903
Brahmin:mondal_BR1-13.SG,1.854,18.818,52.456,9.404,0.001,7.979,1.757,1.214,1.411,2.182,2.923
Brahmin:mondal_BR1-16.SG,1.767,22.357,53.222,10.639,0.001,4.114,0.001,0.001,4.696,1.012,2.189
Brahmin:mondal_BR1-18.SG,1.334,19.555,53.956,9.039,0.001,4.981,0.001,2.027,2.812,3.527,2.769
Brahmin:mondal_BR1-4.SG,1.1,18.529,53.028,10.195,0.001,4.117,1.314,3.427,1.908,3.351,3.031
Brahmin:mondal_BR1-5.SG,1.399,19.268,51.281,10.169,0.001,4.214,0.001,3.859,6.951,1.451,1.408
Brahmin:mondal_BR1-6.SG,1.234,18.547,53.237,11.346,0.001,5.871,2.167,0.001,3.072,1.372,3.152
Brahmin:S_Brahmin-1.DG,2.545,16.869,60.836,13.788,0.001,0.976,0.001,0.001,2.345,0.984,1.654
Brahmin:S_Brahmin-2.DG,2.244,13.449,63.235,14.162,0.001,0.871,0.001,0.001,3.766,0.941,1.329
Brahui:HGDP00001,3.575,32.271,55.297,3.091,0.001,0.979,0.001,0.001,1.911,0.936,1.938
Brahui:HGDP00003,3.404,31.538,57.282,1.659,2.166,0.001,0.001,0.001,2.244,0.001,1.703
Brahui:HGDP00005,3.203,30.548,56.676,2.893,0.001,0.001,0.001,0.001,3.478,1.041,2.157
Brahui:HGDP00007,3.024,31.299,58.224,3.17,0.465,0.128,0.001,0.001,0.979,1.271,1.44
Brahui:HGDP00009,3.217,33.752,55.819,3.499,0.117,0.001,0.001,0.714,0.398,1.511,0.971
Brahui:HGDP00011,2.563,31.709,57.156,2.103,0.001,0.001,0.001,0.001,4.011,0.687,1.768
Brahui:HGDP00015,2.481,32.461,58.383,2.757,0.001,0.001,0.001,0.001,2.146,1.496,0.271
Brahui:HGDP00017,0.468,17.398,82.126,0.001,0.001,0.001,0.001,0.001,0.001,0.001,0.001
Brahui:HGDP00019,1.165,23.987,71.212,0.001,0.001,0.001,2.902,0.001,0.728,0.001,0.001
Brahui:HGDP00021,5.771,31.033,57.072,2.225,0.001,0.043,0.001,0.001,0.019,2.804,1.031
Brahui:HGDP00023,3.473,31.475,57.649,2.239,0.001,0.001,0.001,0.001,2.538,0.366,2.256
Brahui:HGDP00025,2.422,32.38,57.091,2.558,0.606,1.263,0.001,0.255,0.209,0.84,2.376
Brahui:HGDP00027,4.642,30.567,56.686,3.22,0.001,0.283,0.001,0.001,1.809,0.793,1.998
Brahui:HGDP00031,2.841,30.633,57.485,4.698,0.001,0.001,0.001,0.523,1.605,0.206,2.006
Brahui:HGDP00033,2.8,33.426,56.549,3.334,0.001,0.313,0.001,0.001,1.843,0.455,1.278
Brahui:HGDP00035,4.213,27.859,58.958,4.976,0.235,0.001,0.001,0.001,1.827,0.624,1.305
Brahui:HGDP00037,2.562,32.477,56.056,5.344,0.001,0.366,0.001,0.001,1.016,0.32,1.856
Brahui:HGDP00039,3.29,13.754,79.15,0.001,1.71,2.091,0.001,0.001,0.001,0.001,0.001
Brahui:HGDP00041,0.001,23.325,75.082,0.001,1.499,0.001,0.001,0.001,0.087,0.001,0.001
Brahui:HGDP00043,3.329,19.496,75.692,0.001,1.186,0.001,0.001,0.001,0.001,0.001,0.291
Brahui:HGDP00045,2.707,32.229,57.866,1.828,0.001,0.024,0.001,0.001,3.787,0.001,1.555
Brahui:HGDP00049,3.808,31.657,56.939,4.24,0.001,0.001,0.001,0.001,0.872,0.237,2.241
Bulgarian:S_Bulgarian-1.DG,1.584,73.931,17.326,0.499,0.001,0.001,0.001,0.001,0.691,2.363,3.602
Bulgarian:S_Bulgarian-2.DG,1.593,75.371,17.207,0.001,0.001,0.001,0.001,0.001,2.361,0.001,3.463
Burmese:Burm10,1.895,0.001,11.328,19.428,19.891,19.561,17.192,2.956,5.02,1.802,0.925
Burmese:Burm12,1.049,0.001,11.257,14.761,19.998,16.66,26.236,0.231,9.177,0.629,0.001
Burmese:Burm13,0.813,0.001,6.445,17.65,14.582,21.834,22.685,7.365,5.64,2.735,0.25
Burmese:Burm14,0.31,1.97,18.681,20.37,17.277,15.166,13.993,0.698,6.98,3.382,1.175
Burmese:Burm15,0.953,1.85,13.767,19.772,22.117,15.499,15.01,1.563,5.446,2.559,1.463
Burmese:Burm4,1.432,0.676,11.32,18.386,12.574,22.452,18.852,4.553,5.787,3.337,0.633
Burmese:Burm7,0.808,0.001,14.752,16.103,13.214,18.893,22.064,2.166,6.553,5.024,0.423
Burmese:Burm8,2.097,0.986,14.716,17.058,13.999,20.926,16.768,5.337,6.363,0.719,1.03
Burmese:Burm9,1.365,0.744,23.453,19.322,16.099,13.128,11.135,5.413,6.707,1.661,0.973
Burmese:S_Burmese-1.DG,0.825,0.001,5.94,9.204,15.942,22.817,29.241,6.636,6.985,2.074,0.335
Burmese:S_Burmese-2.DG,1.248,1.047,12.983,20.096,18.406,15.896,18.133,2.278,5.772,2.947,1.193
Burusho:HGDP00338,1.854,26.172,48.188,5.994,0.001,4.907,0.001,0.25,5.419,3.432,3.781
Burusho:HGDP00341,1.608,23.577,50.653,5.452,0.001,4.676,0.001,2.508,4.028,3.753,3.744
Burusho:HGDP00346,1.005,24.757,49.259,8.267,0.001,5.486,0.001,0.517,3.747,4.124,2.835
Burusho:HGDP00351,1.52,24.053,50.152,9.271,0.001,3.183,0.112,0.299,5.912,2.085,3.412
Burusho:HGDP00356,1.113,25.004,49.16,6.138,0.001,4.975,1.121,1.069,4.031,3.303,4.085
Burusho:HGDP00359,2.111,21.505,52.626,7.093,0.001,5.791,0.234,0.442,5.108,0.741,4.348
Burusho:HGDP00364,1.602,26.995,48.649,7.403,0.001,4.652,0.001,1.68,3.42,3.658,1.939
Burusho:HGDP00371,1.911,25.612,46.815,5.516,0.001,3.483,0.706,1.249,8.292,3.054,3.36
Burusho:HGDP00372,1.549,23.556,49.079,3.914,0.001,5.396,4.617,0.001,3.828,3.598,4.46
Burusho:HGDP00382,1.553,24.427,48.629,6.437,1.731,6.205,0.609,0.259,2.315,3.24,4.594
Burusho:HGDP00388,1.446,23.978,51.753,8.181,0.001,3.28,0.237,0.072,5.721,2.947,2.383
Burusho:HGDP00392,0.422,24.245,51.357,6.057,0.001,4.884,1.176,3.518,3.893,1.32,3.126
Burusho:HGDP00397,2.11,24.195,50.391,5.539,0.001,5.144,1.587,0.502,5.247,1.395,3.89
Burusho:HGDP00402,1.812,25.794,48.863,4.673,0.001,2.955,4.511,0.001,3.811,4.224,3.355
Burusho:HGDP00407,1.111,23.388,49.198,6.825,0.001,4.752,1.715,0.394,5.276,3.9,3.44
Burusho:HGDP00412,1.302,24.447,51.166,6.251,0.001,2.541,1.796,0.12,4.394,4.274,3.708
Burusho:HGDP00417,1.956,24.35,49.898,6.616,0.001,2.325,0.001,1.815,7.73,1.538,3.771
Burusho:HGDP00423,1.894,25.162,49.121,7.033,0.001,3.526,1.382,0.277,4.101,3.222,4.282
Burusho:HGDP00428,1.631,26.772,48.459,6.994,0.001,5.246,0.001,0.001,5.983,1.809,3.103
Burusho:HGDP00433,1.924,26.352,50.338,7.533,0.001,2.989,0.001,0.001,5.73,1.882,3.248
Burusho:HGDP00438,0.511,25.816,49.868,7.529,0.001,5.112,0.597,0.31,4.686,1.907,3.661
Burusho:HGDP00444,1.511,21.849,54.085,6.504,0.001,3.673,1.793,0.001,4.219,2.943,3.422
Burusho:HGDP00445,1.454,24.819,49.847,4.981,0.001,3.847,2.699,0.001,6.285,1.993,4.074
Buryat:BUR-003,0.342,5.316,4.529,0.001,0.001,8.703,10.566,8.254,30.158,28.292,3.837
Buryat:BUR-008,0.53,7.549,3.949,0.001,0.001,9.623,9.301,6.794,34.602,25.023,2.626
Buryat:BUR-009,0.52,5.218,4.946,1.393,0.001,9.129,10.365,6.301,32.917,27.312,1.898
Buryat:BUR-042,0.001,6.598,6.38,0.001,0.001,7.942,7.532,7.795,33.874,25.309,4.567
Buryat:BUR-047,0.001,5.857,4.253,0.001,0.204,10.009,11.569,7.574,32.795,23.852,3.885
Buryat:BUR-050,0.001,7.588,5.507,0.001,0.001,7.539,6.059,8.719,34.046,27.246,3.293
Buryat:BUR-051,0.001,5.425,4.508,0.001,0.001,5.311,9.559,9.776,32.248,29.322,3.848
Buryat:BUR-074,0.316,5.4,6.046,0.001,0.001,11.317,7.352,9.683,33.307,25.717,0.86
Buryat:BUR-087,0.812,5.717,2.809,0.263,0.001,10.996,6.496,13.474,32.812,23.52,3.098
Buryat:Bur1.SG,0.001,5.906,3.824,0.001,0.001,10.126,6.678,8.201,34.591,27.242,3.429
Buryat:BUR-124,0.001,4.935,6.229,0.001,0.001,7.387,9.842,9.7,31.726,26.505,3.674
Buryat:BUR-144,0.564,6.891,3.776,0.001,0.001,9.142,6.797,5.61,36.062,27.767,3.388
Buryat:BUR-158,0.001,5.487,3.234,0.001,0.001,6.85,9.103,10.732,31.578,28.702,4.313
Buryat:BUR-160,1.309,4.719,5.528,0.702,0.001,8.527,10.228,10.502,30.495,26.165,1.822
Buryat:Bur2.SG,0.001,6.422,4.387,0.001,0.001,10.194,7.41,10.921,30.322,27.985,2.355
Buryat:BUR-205,0.889,6.725,5.297,0.001,0.001,10.256,8.297,7.32,31.913,25.924,3.378
Buryat:BUR-207,0.248,5.307,6.066,0.001,0.001,9.031,7.439,11.805,30.794,27.55,1.758
Buryat:BUR-215,0.69,4.373,5.499,0.001,0.001,10.432,3.758,12.687,33.694,25.208,3.657
Buryat:BUR-217,0.344,7.956,5.363,0.001,0.001,6.646,10.383,6.741,32.467,26.95,3.147
Buryat:BUR-224,1.194,4.544,5.762,0.001,0.001,7.848,10.612,8.627,33.577,25.052,2.78
Buryat:BUR-255,0.001,6.772,3.031,1.201,0.001,7.62,6.687,9.468,32.873,28.582,3.764
Buryat:BUR-258,0.155,4.689,3.681,0.001,0.001,9.052,8.04,10.299,33.27,27.121,3.691
Buryat:BUR-358,0.331,5.026,4.277,0.001,0.001,11.921,12.626,5.028,32.648,26.273,1.868
Buryat:BUR-382,0.001,8.113,5.743,0.001,0.001,7.679,5.889,12.957,32.499,24.473,2.643
Buryat:BUR-415,0.72,6.505,4.343,0.001,0.001,7.844,9.385,8.937,32.146,26.512,3.604
Buryat:BUR-531,0.659,8.162,3.966,1.123,0.001,10.188,5.522,11.395,30.854,26.132,1.999
Buryat:BUR-562,0.001,5.331,5.63,0.001,0.001,7.018,8.819,11.228,31.925,27.735,2.31
Buryat:BUR-568,0.112,2.987,6.2,0.148,0.001,8.773,7.154,12.505,32.495,26.164,3.46
Buryat:BUR-578,0.595,8.867,3.625,0.001,0.001,8.513,8.914,7.81,35.11,24.465,2.098
Buryat:BUR-587,0.001,6.984,5.795,0.001,0.001,8.175,7.533,14.083,31.66,22.187,3.581
Buryat:BUR-594,0.307,4.797,7.203,0.001,0.001,8.021,7.404,10.645,30.885,26.291,4.446
Buryat:BUR-599,0.862,5.427,8.28,0.001,0.001,6.772,12.538,7.552,31.025,24.172,3.369
Buryat:BUR-605,0.453,6.514,6.62,0.001,0.001,6.653,4.999,15.094,31.985,24.673,3.008
Buryat:BUR-635,0.001,9.768,4.528,0.001,0.001,6.943,8.162,7.548,34.735,25.241,3.073
Buryat:BUR-645,1.169,4.696,5.858,0.001,0.001,7.955,9.478,10.321,32.705,24.549,3.267
Buryat:BUR-684,0.466,6.942,3.586,0.001,0.001,10.526,5.437,12.264,30.225,25.361,5.191
Buryat:BUR-694,0.001,8.63,6.145,0.001,0.001,5.628,11.418,7.6,32.492,25.529,2.554
Buryat:BUR-706,0.77,2.861,4.286,0.001,0.001,7.12,9.013,10.001,33.716,29.354,2.876
Buryat:BUR-707,0.229,12.176,8.254,0.001,0.001,8.586,5.924,9.355,29.177,23.771,2.526
Buryat:Buryats1.SG,0.235,4.416,3.876,0.001,0.001,8.925,10.611,10.559,33.034,24.696,3.645
Buryat:Buryats2.SG,0.001,5.111,5.048,0.001,0.001,9.179,7.82,11.887,29.873,27.108,3.971
Buryat:GRC11052141,0.001,5.66,4.443,0.001,2.904,7.227,4.017,12.32,32.164,29.735,1.527
